# r_z  bibcode             description
# 0    see-z0_ref          SIMBAD
# 1    see-z1_ref          HSC DR3
# 2    2018ApJ...858...77H DEIMOS
# 3    2016ApJ...819...62C COSMOS2020
# 4    see- z4_ref         Kiruma20
# z4_1 2020ApJ...894...24K HSC-DR2 
# z4_2 2018ApJ...858...77H DEIMOS
# z4_3 2016ApJ...817...34M Chandra-photz
# z4_4 2016ApJS..224...24L COSMOS2015-photz
ID RAdeg DEdeg z r_z z0 r_z0 z1 r_z1 z2 z3 z4 r_z4
1 150.74386 2.20245 1.58 2 -1.0 "" -1.0 "" 1.58 1.58 1.58 2
2 150.73557 2.19957 3.5026 0 3.5026 2014A&A...563A..54P 3.503096 3dhst_v4_1_5 -1.0 -1.0 3.499 1
3 150.73353 2.15646 0.979 0 0.979 2009ApJ...696.1195T 0.9769 3dhst_v4_1_5 -1.0 1.03 0.977 1
4 150.79702 2.13888 0.5727 0 0.5727 2018A&A...611A..53J 0.5727 3dhst_v4_1_5 -1.0 0.51 0.573 1
5 150.78259 2.19306 0.5824 0 0.5824 2009ApJ...696.1195T 0.5847 3dhst_v4_1_5 -1.0 -1.0 0.585 1
6 150.72019 2.24803 0.6652 0 0.6652 2009ApJ...696.1195T 0.6633 3dhst_v4_1_5 -1.0 0.62 0.664 1
7 150.78838 2.34399 1.9555 0 1.9555 2009ApJ...696.1195T 1.964449 3dhst_v4_1_5 -1.0 2.0 1.964 1
8 150.71511 2.48483 2.0051 0 2.0051 2009ApJ...696.1195T 1.995 3dhst_v4_1_5 -1.0 -1.0 1.999 1
9 150.71391 1.97214 1.53 2 -1.0 "" -1.0 "" 1.53 1.53 1.53 2
10 150.63146 2.00264 1.826 0 1.826 2018ApJ...858...77H 1.826 3dhst_v4_1_5 0.88 0.88 0.88 2
11 150.66094 1.97536 0.925 0 0.925 2009ApJ...696.1195T 1.5652 3dhst_v4_1_5 -1.0 0.04 1.565 1
12 150.65294 1.99685 1.5157 0 1.5157 2009ApJ...696.1195T 1.517696 3dhst_v4_1_5 -1.0 -1.0 1.518 1
13 150.68274 2.08403 1.2338 0 1.2338 2009ApJ...696.1195T -1.0 "" 1.24 1.24 1.24 2
14 150.5845 2.02168 0.61 2 -1.0 "" -1.0 "" 0.61 0.61 0.61 2
15 150.61224 1.99442 1.6092 0 1.6092 2009ApJ...696.1195T 1.6099 3dhst_v4_1_5 -1.0 2.2 1.61 1
16 150.57489 1.97677 1.541 1 -1.0 "" 1.541 3dhst_v4_1_5 -1.0 1.12 1.54 1
17 150.55903 2.10576 1.2651 0 1.2651 2009ApJ...696.1195T 2.3219 3dhst_v4_1_5 -1.0 -1.0 2.322 1
18 150.53573 2.0578 1.1966 1 -1.0 "" 1.1966 3dhst_v4_1_5 -1.0 1.23 1.199 1
19 150.70416 2.29746 2.7391756 1 -1.0 "" 2.7391756 3dhst_v4_1_5 -1.0 2.75 2.739 1
20 150.70801 2.29233 1.0984 0 1.0984 2009ApJ...696.1195T 1.098 3dhst_v4_1_5 -1.0 -1.0 1.098 1
21 150.57634 2.18139 0.5545 0 0.5545 2009ApJ...696.1195T 0.555 3dhst_v4_1_5 -1.0 0.73 0.569 1
22 150.58112 2.22107 2.0302 0 2.0302 2009ApJ...696.1195T 2.0255485 3dhst_v4_1_5 -1.0 1.99 2.026 1
23 150.53187 2.18892 0.83 0 0.83 2009ApJ...696.1195T 0.83 3dhst_v4_1_5 -1.0 0.83 0.827 1
24 150.6097 2.32311 1.2945 0 1.2945 2009ApJ...696.1195T 1.29498 3dhst_v4_1_5 -1.0 1.73 1.295 1
25 150.63844 2.39134 3.65 0 3.65 2018PASJ...70S..10O -1.0 "" 3.65 3.65 3.65 2
26 150.6302 2.45454 0.8152 0 0.8152 2009ApJ...696.1195T 0.8165838 3dhst_v4_1_5 -1.0 0.79 0.816 1
27 150.55556 2.36917 0.9736 0 0.9736 2009ApJ...696.1195T 1.634 3dhst_v4_1_5 1.62 1.62 1.62 2
28 150.59971 2.39823 2.837 0 2.837 2014A&A...563A..54P 2.836788 3dhst_v4_1_5 -1.0 -1.0 2.836 1
29 150.56727 2.50359 1.1461 0 1.1461 2009ApJ...696.1195T -1.0 "" -1.0 -1.0 -1.0 2
30 150.61728 2.48275 2.7456 0 2.7456 2009ApJ...696.1195T -1.0 "" 2.74 2.74 2.74 2
31 150.54398 2.42307 0.9575 0 0.9575 2009ApJ...696.1195T 0.9578 3dhst_v4_1_5 -1.0 -1.0 0.983 1
32 150.71363 2.57297 1.5181 1 -1.0 "" 1.5181 3dhst_v4_1_5 -1.0 1.73 0.308 1
33 150.68315 2.57464 0.3757 0 0.3757 2009ApJ...696.1195T 0.375 3dhst_v4_1_5 -1.0 0.59 0.375 1
34 150.63388 2.59371 0.6577 0 0.6577 2009ApJ...696.1195T 0.6573269 3dhst_v4_1_5 -1.0 0.65 0.657 1
35 150.63295 2.5854 0.8781 0 0.8781 2009ApJ...696.1195T 0.8813 3dhst_v4_1_5 -1.0 2.33 0.881 1
36 150.70554 2.6296 2.1236 0 2.1236 2009ApJ...696.1195T 2.120248 3dhst_v4_1_5 -1.0 -1.0 2.122 1
37 150.63539 2.64991 1.223 0 1.223 2007ApJS..172...70L 1.2223 3dhst_v4_1_5 -1.0 0.04 1.222 1
38 150.62846 2.67745 2.6 2 -1.0 "" -1.0 "" 2.6 2.6 2.6 2
39 150.53932 2.54206 1.7151 1 -1.0 "" 1.7151 3dhst_v4_1_5 -1.0 1.8 1.715 1
40 150.55588 2.56438 1.1433 0 1.1433 2009ApJ...696.1195T 0.4924 3dhst_v4_1_5 -1.0 1.18 0.492 1
41 150.59523 2.54983 1.2573 1 -1.0 "" 1.2573 3dhst_v4_1_5 -1.0 -1.0 1.257 1
42 150.60062 2.5188 0.6689 0 0.6689 2009ApJ...696.1195T 0.6674 3dhst_v4_1_5 -1.0 -1.0 0.667 1
43 150.55489 2.64105 1.1417 0 1.1417 2009ApJ...696.1195T 1.1435 3dhst_v4_1_5 -1.0 0.0 1.143 1
44 150.59735 2.61793 1.4429 0 1.4429 2009ApJ...696.1195T 1.4463 3dhst_v4_1_5 -1.0 1.39 1.446 1
45 150.44849 1.68565 1.405 0 1.405 2018ApJ...858...77H 1.405 3dhst_v4_1_5 1.37 1.37 1.37 2
46 150.44749 1.69569 0.9 2 -1.0 "" -1.0 "" 0.9 0.9 0.9 2
47 150.37654 1.7179 1.5705 0 1.5705 2009ApJ...696.1195T 1.570781 3dhst_v4_1_5 -1.0 -1.0 1.571 1
48 150.39674 1.73571 nan 2 -1.0 "" -1.0 "" nan -1.0 nan 2
49 150.48519 1.80309 0.9573 0 0.9573 2009ApJ...696.1195T -1.0 "" 0.02 0.02 0.02 2
50 150.49168 1.77262 0.8314 0 0.8314 2009ApJ...696.1195T 0.832 3dhst_v4_1_5 -1.0 0.07 0.832 1
51 150.49127 1.91029 2.2378 0 2.2378 2007ApJS..172...70L 2.2367 3dhst_v4_1_5 -1.0 2.24 2.237 1
52 150.48562 1.87193 4.426 0 4.426 2018ApJ...858...77H 4.426 3dhst_v4_1_5 -1.0 4.35 2.405 1
53 150.49767 1.86113 0.8317 1 -1.0 "" 0.8317 3dhst_v4_1_5 -1.0 0.79 0.832 1
54 150.36591 1.82933 0.95849705 1 -1.0 "" 0.95849705 3dhst_v4_1_5 -1.0 2.21 0.959 1
55 150.38317 1.79884 1.0837362 1 -1.0 "" 1.0837362 3dhst_v4_1_5 -1.0 1.85 1.084 1
56 150.42931 1.82558 2.0763 0 2.0763 2009ApJ...696.1195T 2.0842 3dhst_v4_1_5 -1.0 2.14 2.084 1
57 150.39223 1.87568 1.65 1 -1.0 "" 1.65 3dhst_v4_1_5 1.27 1.27 1.27 2
58 150.35942 1.93644 2.390003 1 -1.0 "" 2.390003 3dhst_v4_1_5 -1.0 0.22 2.39 1
59 150.35262 1.93201 1.373 0 1.373 2018ApJ...858...77H 1.373 c3r2_dr2 -1.0 1.22 0.416 1
60 150.43102 1.93527 2.1809 0 2.1809 2009ApJ...696.1195T 2.177 c3r2_dr2 -1.0 2.07 1.162 1
61 150.40096 1.91198 2.2806 0 2.2806 2009ApJ...696.1195T 2.2816794 c3r2_dr2 -1.0 2.23 2.28 1
62 150.40767 1.8677 0.3935 1 -1.0 "" 0.3935 c3r2_dr2 -1.0 1.84 0.068 1
63 150.44602 2.04351 1.1713 0 1.1713 2007ApJS..172...70L 1.1706 c3r2_dr2 -1.0 1.11 1.173 1
64 150.44368 2.0491 0.66876 0 0.66876 2015ApJS..219...12A 0.6687679 c3r2_dr2 -1.0 0.67 0.669 1
65 150.35307 1.96079 1.896 1 -1.0 "" 1.896 deimos_2018 -1.0 2.25 1.166 1
66 150.42256 2.01415 2.2699 0 2.2699 2009ApJ...696.1195T 2.2684 deimos_2018 -1.0 2.25 2.268 1
67 150.41577 1.9678 1.221 0 1.221 2018ApJ...858...77H -1.0 "" -1.0 1.09 1.121 1
68 150.41834 2.08515 0.42428 0 0.42428 2018ApJS..234...21D 0.424219 deimos_2018 -1.0 0.09 0.424 1
69 150.4354 2.14277 0.9671 1 -1.0 "" 0.9671 deimos_2018 -1.0 0.97 0.979 1
70 150.45184 2.14481 1.2969 1 -1.0 "" 1.2969 deimos_2018 -1.0 1.76 1.305 1
71 150.48437 2.16202 1.6411 0 1.6411 2009ApJ...696.1195T 1.6377 fmos_dr2 -1.0 -1.0 1.638 1
72 150.52619 2.24496 1.2711 0 1.2711 2009ApJ...696.1195T 1.2713 fmos_dr2 -1.0 -1.0 1.271 1
73 150.4496 2.24643 0.8806778 1 -1.0 "" 0.8806778 fmos_dr2 -1.0 -1.0 0.885 1
74 150.47953 2.25312 0.0603 1 -1.0 "" 0.0603 deimos_2018 -1.0 0.85 0.875 1
75 150.51907 2.32098 1.8281 0 1.8281 2009ApJ...696.1195T 1.836 deimos_2018 1.16 1.16 1.16 2
76 150.34244 2.22624 0.8913 0 0.8913 2009ApJ...696.1195T 1.5563668 deimos_2018 -1.0 0.85 0.894 1
77 150.36472 2.1438 3.328 1 -1.0 "" 3.328 deimos_2018 3.31 3.31 3.31 2
78 150.37824 2.19636 1.5101 0 1.5101 2009ApJ...696.1195T 1.512 lega_c_dr2 -1.0 1.53 1.521 1
79 150.34592 2.14752 1.253 0 1.253 2018A&A...613A..51P 1.2564 primus_dr1 -1.0 1.84 1.259 1
80 150.41585 2.17521 1.3875 0 1.3875 2018ApJ...858...77H 1.3875 primus_dr1 1.48 1.48 1.48 2
81 150.42223 2.17535 0.982 0 0.982 2009ApJ...696.1195T 0.979 primus_dr1 0.9 0.9 0.9 2
82 150.36671 2.30535 1.1874 0 1.1874 2009ApJ...696.1195T 1.1773 primus_dr1 -1.0 -1.0 1.177 1
83 150.37463 2.3102 -1.0 1 -1.0 "" -1.0 "" -1.0 -1.0 -1.0 2
84 150.34993 2.24609 0.8936 0 0.8936 2009ApJ...696.1195T 0.8949 primus_dr1 -1.0 0.3 0.891 1
85 150.43817 2.41581 2.0318 0 2.0318 2009ApJ...696.1195T 2.025 primus_dr1 -1.0 -1.0 2.026 1
86 150.44442 2.36977 0.8913 0 0.8913 2007ApJS..172...70L 0.8907 primus_dr1 -1.0 0.87 0.891 1
87 150.49565 2.41256 0.9792782 1 -1.0 "" 0.9792782 primus_dr1 -1.0 -1.0 1.369 1
88 150.45037 2.38809 -1.0 1 -1.0 "" -1.0 "" -1.0 -1.0 -1.0 2
89 150.51157 2.40961 0.9877 0 0.9877 2009ApJ...696.1195T 0.9862742 primus_dr1 -1.0 -1.0 0.985 1
90 150.52672 2.38468 1.2995 0 1.2995 2009ApJ...696.1195T 0.42066365 primus_dr1 -1.0 0.32 0.421 1
91 150.49911 2.44491 2.0313 0 2.0313 2009ApJ...696.1195T 2.029696 primus_dr1 -1.0 2.0 2.027 1
92 150.35363 2.34216 1.7076 0 1.7076 2009ApJ...696.1195T 1.7071 primus_dr1 -1.0 -1.0 1.71 1
93 150.40669 2.36546 2.0416 0 2.0416 2009ApJ...696.1195T 2.0309 primus_dr1 -1.0 2.05 2.031 1
94 150.38142 2.50602 1.88 2 -1.0 "" -1.0 "" 1.88 1.88 1.88 2
95 150.4536 2.5279 1.9335 1 -1.0 "" 1.9335 primus_dr1 -1.0 1.96 1.933 1
96 150.45666 2.64811 2.0566 0 2.0566 2009ApJ...696.1195T 2.0487 primus_dr1 -1.0 -1.0 2.054 1
97 150.49762 2.65989 0.8535 0 0.8535 2009ApJ...696.1195T 0.8497 primus_dr1 -1.0 2.19 0.85 1
98 150.5055 2.67487 1.29 0 1.29 2009ApJ...696.1195T -1.0 "" 1.2 1.2 1.2 2
99 150.38283 2.55977 2.0654 0 2.0654 2009ApJ...696.1195T 2.0645 primus_dr1 -1.0 2.05 2.067 1
100 150.41596 2.52574 1.4436 0 1.4436 2009ApJ...696.1195T 1.445765 primus_dr1 1.44 1.44 1.44 2
101 150.35143 2.67822 2.7592 0 2.7592 2009ApJ...696.1195T 2.753 primus_dr1 -1.0 2.75 2.753 1
102 150.49077 2.77544 1.434 0 1.434 2020ApJS..250....8L 1.44176 primus_dr1 -1.0 1.98 1.437 1
103 150.50456 2.72503 1.606 0 1.606 2018ApJ...858...77H 0.4906261 primus_dr1 -1.0 0.14 0.491 1
104 150.382 2.75838 1.2281 0 1.2281 2009ApJ...696.1195T -1.0 "" 1.88 1.88 1.88 2
105 150.38285 2.72363 2.0518 0 2.0518 2009ApJ...696.1195T 2.0465 primus_dr1 -1.0 1.99 2.055 1
106 150.40154 2.7908 0.92 0 0.92 2009ApJ...696.1195T 0.918411 primus_dr1 -1.0 0.98 0.923 1
107 150.40562 2.72326 1.266 0 1.266 2009ApJ...696.1195T -1.0 "" nan -1.0 nan 2
108 150.36187 2.77911 2.5226 0 2.5226 2007ApJS..172...70L 2.548625 primus_dr1 -1.0 2.53 2.535 1
109 150.31993 1.68158 2.0551 0 2.0551 2009ApJ...696.1195T 2.054655 primus_dr1 -1.0 2.03 2.055 1
110 150.27997 1.74387 0.7627 0 0.7627 2007ApJS..172...70L 0.7621 primus_dr1 -1.0 2.15 0.762 1
111 150.25926 1.75729 0.9645 1 -1.0 "" 0.9645 primus_dr1 -1.0 0.85 0.965 1
112 150.26243 1.75146 1.6758153 1 -1.0 "" 1.6758153 primus_dr1 -1.0 -1.0 1.675 1
113 150.30622 1.87518 1.76 0 1.76 2015ApJS..220...12S 1.755 primus_dr1 1.72 1.72 1.72 2
114 150.33866 1.92814 1.6113573 1 -1.0 "" 1.6113573 primus_dr1 -1.0 0.0 1.197 1
115 150.30889 1.91231 1.514957 1 -1.0 "" 1.514957 primus_dr1 nan -1.0 nan 2
116 150.22779 1.78686 1.6788466 1 -1.0 "" 1.6788466 primus_dr1 1.67 1.67 1.67 2
117 150.24252 1.76643 0.6227 0 0.6227 2007ApJS..172...70L 0.6222 primus_dr1 -1.0 0.73 0.622 1
118 150.21027 1.85386 3.54 2 -1.0 "" -1.0 "" 3.54 3.54 3.54 2
119 150.24519 1.90011 1.5591 0 1.5591 2009ApJ...696.1195T 1.560692 primus_dr1 -1.0 1.56 1.56 1
120 150.20823 1.87538 1.1563 0 1.1563 2009ApJ...696.1195T 1.1487 primus_dr1 -1.0 2.2 1.148 1
121 150.24309 1.86912 2.0283 0 2.0283 2009ApJ...696.1195T 2.022416 primus_dr1 -1.0 2.05 2.021 1
122 150.16179 1.87796 1.444 1 -1.0 "" 1.444 primus_dr1 -1.0 1.46 1.443 1
123 150.31193 2.03575 0.969 0 0.969 2009ApJ...696.1195T 0.97 sdss_dr15 -1.0 0.98 0.97 1
124 150.25342 1.99661 1.1645 0 1.1645 2009ApJ...696.1195T 1.171 zcosmos_bright_dr3 -1.0 1.14 1.17 1
125 150.31186 1.97795 2.3504 0 2.3504 2007ApJS..172...70L 2.3508954 zcosmos_bright_dr3 -1.0 -1.0 2.349 1
126 150.28566 2.01459 2.6807 0 2.6807 2009ApJ...696.1195T 2.6694 zcosmos_bright_dr3 -1.0 -1.0 2.669 1
127 150.32425 2.08908 1.797 0 1.797 2015ApJS..220...12S 1.0733103 zcosmos_bright_dr3 -1.0 -1.0 1.073 1
128 150.33439 2.06147 0.904 0 0.904 2007ApJS..172...70L 0.9026051 zcosmos_bright_dr3 -1.0 0.88 0.903 1
129 150.30691 2.05384 2.017 0 2.017 2018ApJ...858...77H 2.017 zcosmos_bright_dr3 0.89 0.89 0.89 2
130 150.21637 1.98874 2.2298 1 -1.0 "" 2.2298 zcosmos_bright_dr3 -1.0 2.21 2.242 1
131 150.18074 2.07598 3.01 2 -1.0 "" -1.0 "" 3.01 3.01 3.01 2
132 150.27217 2.23009 2.6145 0 2.6145 2009ApJ...696.1195T 2.612085 zcosmos_bright_dr3 -1.0 2.58 2.611 1
133 150.30261 2.16108 1.8221 0 1.8221 2009ApJ...696.1195T 1.8175 zcosmos_bright_dr3 -1.0 2.0 1.826 1
134 150.31652 2.24678 2.48268 0 2.48268 2015ApJS..219...12A 2.478972 zcosmos_bright_dr3 -1.0 2.48 2.491 1
135 150.26234 2.25638 0.9 2 -1.0 "" -1.0 "" 0.9 0.9 0.9 2
136 150.15843 2.13957 1.8347 0 1.8347 2009ApJ...696.1195T 1.829505 zcosmos_bright_dr3 -1.0 1.85 1.829 1
137 150.18004 2.23128 2.1458 0 2.1458 2020A&A...633A.159R 1.40008 zcosmos_bright_dr3 -1.0 0.31 1.4 1
138 150.21469 2.20427 1.8291 0 1.8291 2009ApJ...696.1195T 1.8398 zcosmos_bright_dr3 -1.0 1.86 1.84 1
139 150.19979 2.19085 1.5145 0 1.5145 2009ApJ...696.1195T 1.9289 zcosmos_bright_dr3 -1.0 -1.0 1.502 1
140 150.23628 2.28913 2.077 1 -1.0 "" 2.077 3dhst_v4_1_5 -1.0 2.13 2.077 1
141 150.25427 2.33061 2.468 0 2.468 2020AJ....160...37M 2.4581 3dhst_v4_1_5 -1.0 -1.0 2.458 1
142 150.25271 2.48638 2.0413 0 2.0413 2009ApJ...696.1195T 2.0424242 3dhst_v4_1_5 -1.0 -1.0 2.04 1
143 150.30809 2.43003 0.3738 0 0.3738 2007ApJS..172...70L 0.3729016 3dhst_v4_1_5 -1.0 0.11 0.375 1
144 150.29976 2.50687 1.4999 0 1.4999 2009ApJ...696.1195T 1.5029482 3dhst_v4_1_5 -1.0 -1.0 1.505 1
145 150.17401 2.40295 0.9793 0 0.9793 2009ApJ...696.1195T 1.7592 3dhst_v4_1_5 -1.0 0.98 0.972 1
146 150.21078 2.39146 3.1019 0 3.1019 2009ApJ...696.1195T -1.0 "" 3.07 3.07 3.07 2
147 150.23182 2.36399 1.936 0 1.936 2007ApJS..172...70L 1.931491 3dhst_v4_1_5 -1.0 1.98 1.933 1
148 150.23554 2.36175 2.5042994 1 -1.0 "" 2.5042994 3dhst_v4_1_5 0.95 0.95 0.95 2
149 150.24463 2.43227 0.6933 0 0.6933 2009ApJ...696.1195T 0.6931492 3dhst_v4_1_5 -1.0 -1.0 0.693 1
150 150.20902 2.43846 3.7179 0 3.7179 2014A&A...563A..54P 3.7132 3dhst_v4_1_5 -1.0 -1.0 3.727 1
151 150.20887 2.48189 3.365 0 3.365 2014A&A...563A..54P 3.365502 3dhst_v4_1_5 -1.0 -1.0 3.348 1
152 150.29252 2.54507 2.6534 0 2.6534 2009ApJ...696.1195T 2.65265 3dhst_v4_1_5 -1.0 2.67 2.656 1
153 150.32383 2.55258 0.695 0 0.695 2009ApJ...696.1195T 1.001973 3dhst_v4_1_5 -1.0 0.91 1.633 1
154 150.31791 2.60207 0.9576 0 0.9576 2007ApJS..172...70L 0.9569 3dhst_v4_1_5 -1.0 0.92 0.957 1
155 150.33446 2.56146 1.8344 0 1.8344 2009ApJ...696.1195T 1.835898 3dhst_v4_1_5 -1.0 2.01 1.835 1
156 150.27629 2.52632 1.45 0 1.45 2009ApJ...696.1195T 1.4332 3dhst_v4_1_5 -1.0 -1.0 1.436 1
157 150.29924 2.63343 3.01 2 -1.0 "" -1.0 "" 3.01 3.01 3.01 2
158 150.2978 2.67347 1.591987 1 -1.0 "" 1.591987 3dhst_v4_1_5 -1.0 1.59 1.593 1
159 150.17137 2.56402 0.5012 0 0.5012 2009ApJ...696.1195T 0.5173518 3dhst_v4_1_5 -1.0 -1.0 0.51 1
160 150.16384 2.59765 1.5877 1 -1.0 "" 1.5877 3dhst_v4_1_5 -1.0 2.17 1.588 1
161 150.18624 2.55642 0.6613 1 -1.0 "" 0.6613 3dhst_v4_1_5 -1.0 -1.0 0.653 1
162 150.23083 2.57815 1.4031 0 1.4031 2009ApJ...696.1195T 1.401678 3dhst_v4_1_5 -1.0 -1.0 1.401 1
163 150.23266 2.54427 1.404 0 1.404 2015ApJS..220...12S -1.0 "" 1.4 1.4 1.4 2
164 150.22416 2.65113 -1.0 1 -1.0 "" -1.0 "" -1.0 -1.0 -1.0 2
165 150.29771 2.73879 1.5917684 1 -1.0 "" 1.5917684 3dhst_v4_1_5 nan -1.0 nan 2
166 150.33854 2.7767 2.13 0 2.13 2009ApJ...696.1195T -1.0 "" 1.92 1.92 1.92 2
167 150.25557 2.77035 0.8069 1 -1.0 "" 0.8069 3dhst_v4_1_5 -1.0 0.86 0.781 1
168 150.25135 2.73714 2.1616 0 2.1616 2007ApJS..172...70L 2.1606 3dhst_v4_1_5 -1.0 -1.0 2.164 1
169 150.16706 2.76891 2.3873 0 2.3873 2009ApJ...696.1195T -1.0 "" 2.39 2.39 2.39 2
170 150.05185 1.68279 2.2767 0 2.2767 2009ApJ...696.1195T 2.2719 3dhst_v4_1_5 -1.0 2.01 2.274 1
171 149.99161 1.72432 1.6181 0 1.6181 2009ApJ...696.1195T 1.624676 3dhst_v4_1_5 -1.0 1.7 1.628 1
172 150.13175 1.79944 1.6789 0 1.6789 2009ApJ...696.1195T 1.6742 3dhst_v4_1_5 -1.0 0.0 1.674 1
173 150.12456 1.80983 1.34 2 -1.0 "" -1.0 "" 1.34 1.34 1.34 2
174 150.10166 1.84837 1.6637 0 1.6637 2009ApJ...696.1195T 1.6734 3dhst_v4_1_5 -1.0 -1.0 1.667 1
175 150.11699 1.9299 1.5191 0 1.5191 2009ApJ...696.1195T 1.5186964 3dhst_v4_1_5 -1.0 1.44 1.519 1
176 150.08145 1.90601 1.77 2 -1.0 "" -1.0 "" 1.77 1.77 1.77 2
177 150.02548 1.87768 1.795 1 -1.0 "" 1.795 3dhst_v4_1_5 1.78 1.78 1.78 2
178 150.0427 1.87215 3.3248823 1 -1.0 "" 3.3248823 3dhst_v4_1_5 -1.0 -1.0 3.325 1
179 149.98874 1.93244 2.387 0 2.387 2009ApJ...696.1195T 2.3863 3dhst_v4_1_5 -1.0 2.43 2.395 1
180 150.07307 2.0035 0.35 0 0.35 2009ApJ...696.1195T 0.352 3dhst_v4_1_5 -1.0 0.56 0.352 1
181 150.14562 2.04308 1.1767 0 1.1767 2009ApJ...696.1195T 1.1768 3dhst_v4_1_5 -1.0 1.99 1.178 1
182 150.10558 2.12632 0.961 0 0.961 2014MNRAS.443.2679B 0.9609 3dhst_v4_1_5 -1.0 0.94 0.961 1
183 149.99527 2.00665 1.033309 1 -1.0 "" 1.033309 3dhst_v4_1_5 -1.0 -1.0 1.037 1
184 150.0044 2.03891 3.4995 0 3.4995 2007ApJS..172...70L 3.5078 3dhst_v4_1_5 -1.0 3.45 3.508 1
185 150.05894 2.01516 2.4971 0 2.4971 2009ApJ...696.1195T 2.497976 3dhst_v4_1_5 -1.0 -1.0 2.499 1
186 149.99176 2.13195 2.129 0 2.129 2009ApJ...696.1195T 2.1351 3dhst_v4_1_5 -1.0 0.97 2.135 1
187 150.10095 2.16778 2.16 2 -1.0 "" -1.0 "" 2.16 2.16 2.16 2
188 150.09587 2.14511 1.1 2 -1.0 "" -1.0 "" 1.1 1.1 1.1 2
189 150.11296 2.16486 0.48 2 -1.0 "" -1.0 "" 0.48 0.48 0.48 2
190 150.13803 2.29165 0.1853 0 0.1853 2009ApJ...696.1195T 0.1854433 deimos_2018 -1.0 0.17 0.184 1
191 149.9698 2.18345 1.657 0 1.657 2018ApJ...858...77H 1.7059889 deimos_2018 -1.0 2.16 2.9 1
192 150.02856 2.20991 1.258 0 1.258 2009ApJ...696.1195T 1.2579013 deimos_2018 2.01 2.01 2.01 2
193 150.01821 2.25945 2.673 0 2.673 2020AJ....160...37M 0.045087364 fmos_dr2 -1.0 -1.0 0.045 1
194 149.99363 2.25855 0.6585 0 0.6585 2009ApJ...696.1195T 0.6582 fmos_dr2 -1.0 1.04 0.66 1
195 149.99391 2.30143 1.7924 0 1.7924 2009ApJ...696.1195T 1.794041 primus_dr1 -1.0 1.8 1.792 1
196 150.00447 2.23711 1.4068 0 1.4068 2009ApJ...696.1195T 1.4058626 primus_dr1 -1.0 0.42 1.406 1
197 150.06456 2.32902 0.34 0 0.34 2009ApJ...696.1195T 1.9582 primus_dr1 -1.0 0.33 2.445 1
198 150.09156 2.39905 2.48 0 2.48 2009ApJ...696.1195T 2.472153 primus_dr1 -1.0 -1.0 2.475 1
199 150.12369 2.35825 0.7277 0 0.7277 2007ApJS..172...70L 0.72547 primus_dr1 -1.0 0.88 0.726 1
200 150.06218 2.45503 0.7295 0 0.7295 2007ApJS..172...70L 0.7341019 primus_dr1 -1.0 0.7 0.732 1
201 150.00423 2.38915 1.8456 0 1.8456 2009ApJ...696.1195T 0.090319805 primus_dr1 -1.0 1.73 0.09 1
202 150.02011 2.35362 2.689 0 2.689 2020AJ....160...37M -1.0 "" 0.11 0.11 0.11 2
203 150.05873 2.47739 1.2562 0 1.2562 2009ApJ...696.1195T 1.257284 primus_dr1 -1.0 1.26 1.26 1
204 149.97694 2.48667 2.089 0 2.089 2018ApJ...858...77H 2.089 primus_dr1 2.15 2.15 2.15 2
205 150.02108 2.42037 0.528 1 -1.0 "" 0.528 primus_dr1 -1.0 -1.0 2.186 1
206 150.10361 2.55077 0.4967 0 0.4967 2009ApJ...696.1195T 0.6911 primus_dr1 -1.0 0.65 0.497 1
207 150.10447 2.69123 1.8806 0 1.8806 2009ApJ...696.1195T 1.8807 primus_dr1 -1.0 1.9 1.881 1
208 150.08057 2.63453 1.0651553 1 -1.0 "" 1.0651553 primus_dr1 -1.0 1.9 1.065 1
209 150.12689 2.62654 1.8412 0 1.8412 2009ApJ...696.1195T 1.8337 primus_dr1 -1.0 1.85 1.834 1
210 149.99253 2.68256 0.6312 0 0.6312 2009ApJ...696.1195T -1.0 "" 1.14 1.14 1.14 2
211 150.04526 2.68849 1.4362 0 1.4362 2009ApJ...696.1195T 1.4384086 primus_dr1 1.78 1.78 1.78 2
212 150.04251 2.62916 1.5695 0 1.5695 2007ApJS..172...70L 1.5686 primus_dr1 -1.0 -1.0 1.572 1
213 150.03431 2.64112 0.5178 0 0.5178 2007ApJS..172...70L 0.5173 primus_dr1 -1.0 0.46 0.517 1
214 150.06065 2.64796 0.4368 0 0.4368 2007ApJS..172...70L 0.4363 primus_dr1 -1.0 0.43 0.425 1
215 150.03066 2.67873 1.935 0 1.935 2009ApJ...696.1195T 1.9497 primus_dr1 -1.0 1.96 1.95 1
216 150.12578 2.69888 1.41 2 -1.0 "" -1.0 "" 1.41 1.41 1.41 2
217 150.05858 2.73034 2.04 2 -1.0 "" -1.0 "" 2.04 2.04 2.04 2
218 150.00845 2.70455 0.5805 1 -1.0 "" 0.5805 primus_dr1 -1.0 0.89 0.598 1
219 149.97663 2.73487 1.59 2 -1.0 "" -1.0 "" 1.59 1.59 1.59 2
220 149.80796 1.70926 0.9544 1 -1.0 "" 0.9544 primus_dr1 -1.0 0.91 0.954 1
221 149.8347 1.81766 0.3236 0 0.3236 2009ApJ...696.1195T 0.7344 primus_dr1 -1.0 0.71 0.734 1
222 149.81688 1.84673 1.035 0 1.035 2007ApJS..172...70L 1.0337 primus_dr1 -1.0 1.88 1.034 1
223 149.82053 1.81175 0.74829 0 0.74829 2018ApJS..234...21D 0.5773 primus_dr1 -1.0 0.71 0.748 1
224 149.82193 1.83866 1.3511 0 1.3511 2007ApJS..172...70L 1.3503 primus_dr1 -1.0 1.4 1.35 1
225 149.86204 1.89485 0.4437 0 0.4437 2009ApJ...696.1195T 0.4436886 primus_dr1 -1.0 0.42 0.443 1
226 149.87078 1.94619 nan 2 -1.0 "" -1.0 "" nan -1.0 nan 2
227 149.79179 1.87287 0.4586 0 0.4586 2009ApJ...696.1195T 1.5659 primus_dr1 -1.0 1.52 1.566 1
228 149.92256 1.97922 2.5018 1 -1.0 "" 2.5018 primus_dr1 -1.0 2.45 2.506 1
229 149.92305 2.0269 -1.0 1 -1.0 "" -1.0 "" -1.0 -1.0 -1.0 2
230 149.95773 2.0031 1.8108 0 1.8108 2009ApJ...696.1195T 1.8055 sdss_dr15 -1.0 1.76 1.806 1
231 149.90955 2.08058 2.8036 0 2.8036 2009ApJ...696.1195T 2.802351 vvds_drfinal -1.0 0.17 2.796 1
232 149.89793 2.09392 1.9208 0 1.9208 2009ApJ...696.1195T 1.9092 zcosmos_bright_dr3 -1.0 1.98 1.909 1
233 149.88715 2.11718 0.5587488 1 -1.0 "" 0.5587488 zcosmos_bright_dr3 -1.0 2.04 0.559 1
234 149.91053 2.06798 1.091 0 1.091 2018ApJ...858...77H 1.091 zcosmos_bright_dr3 -1.0 1.04 1.091 1
235 149.8951 2.04721 2.1806 1 -1.0 "" 2.1806 zcosmos_bright_dr3 -1.0 -1.0 2.192 1
236 149.81421 2.01633 1.36 0 1.36 2009ApJ...696.1195T 1.3662 zcosmos_bright_dr3 -1.0 1.42 1.367 1
237 149.79443 2.07308 2.6681 0 2.6681 2009ApJ...696.1195T 0.13425398 zcosmos_bright_dr3 -1.0 -1.0 0.134 1
238 149.82269 2.08965 2.05 0 2.05 2009ApJ...696.1195T 2.051 zcosmos_bright_dr3 -1.0 2.06 2.06 1
239 149.91244 2.20032 0.68565 0 0.68565 2015ApJS..219...12A 0.6856157 zcosmos_bright_dr3 -1.0 0.21 0.687 1
240 149.89483 2.17443 1.38 0 1.38 2009ApJ...696.1195T 1.3238075 zcosmos_bright_dr3 -1.0 0.95 1.322 1
241 149.8954 2.23947 1.7416 1 -1.0 "" 1.7416 zcosmos_bright_dr3 -1.0 -1.0 1.735 1
242 149.7819 2.13906 0.354 0 0.354 2012ApJ...758...47A 0.3542336 zcosmos_bright_dr3 -1.0 0.45 0.356 1
243 149.82362 2.22827 2.9661665 1 -1.0 "" 2.9661665 zcosmos_bright_dr3 -1.0 1.23 2.966 1
244 149.78977 2.3212 0.3775 0 0.3775 2009ApJ...696.1195T 0.3775776 zcosmos_bright_dr3 -1.0 0.37 0.378 1
245 149.82194 2.25465 0.9337 0 0.9337 2021ApJS..256...44V 0.9294967 zcosmos_bright_dr3 -1.0 0.92 0.932 1
246 149.85905 2.25824 0.44078135 1 -1.0 "" 0.44078135 zcosmos_bright_dr3 -1.0 1.07 0.441 1
247 149.80407 2.28813 1.73 2 -1.0 "" -1.0 "" 1.73 1.73 1.73 2
248 149.85156 2.2764 3.29 2 -1.0 "" -1.0 "" 3.29 3.29 3.29 2
249 149.91977 2.32742 1.455 0 1.455 2016MNRAS.456.1195H 1.4531 zcosmos_bright_dr3 -1.0 -1.0 1.453 1
250 149.94553 2.36926 0.9087 0 0.9087 2009ApJ...696.1195T 0.9089842 zcosmos_bright_dr3 -1.0 0.0 0.908 1
251 149.91694 2.38518 1.1317 0 1.1317 2009ApJ...696.1195T 1.130983 3dhst_v4_1_5 -1.0 1.13 1.131 1
252 149.88334 2.34673 1.022 1 -1.0 "" 1.022 3dhst_v4_1_5 -1.0 -1.0 1.024 1
253 149.88102 2.45083 1.315 0 1.315 2007ApJS..172...70L 1.314191 3dhst_v4_1_5 -1.0 0.0 1.314 1
254 149.93843 2.50596 0.8922 0 0.8922 2009ApJ...696.1195T 0.8499095 3dhst_v4_1_5 -1.0 -1.0 0.85 1
255 149.93588 2.44058 0.992 0 0.992 2009ApJ...696.1195T 0.99327207 3dhst_v4_1_5 -1.0 0.51 0.992 1
256 149.95563 2.50204 1.4797 0 1.4797 2009ApJ...696.1195T 0.3996155 3dhst_v4_1_5 -1.0 1.16 1.457 1
257 149.79162 2.3382 0.4319 0 0.4319 2009ApJ...696.1195T 1.0107826 3dhst_v4_1_5 -1.0 0.96 1.003 1
258 149.81293 2.34546 1.799 1 -1.0 "" 1.799 3dhst_v4_1_5 -1.0 1.58 1.812 1
259 149.83285 2.38468 2.2717578 1 -1.0 "" 2.2717578 3dhst_v4_1_5 -1.0 2.21 2.272 1
260 149.87071 2.41727 1.5284406 1 -1.0 "" 1.5284406 3dhst_v4_1_5 -1.0 0.43 1.542 1
261 149.86803 2.35185 0.3458 0 0.3458 2009ApJ...696.1195T 0.3459108 3dhst_v4_1_5 -1.0 0.35 0.349 1
262 149.86806 2.33069 1.4879 0 1.4879 2009ApJ...696.1195T 1.485 3dhst_v4_1_5 -1.0 2.15 1.485 1
263 149.87184 2.34286 1.7434 0 1.7434 2009ApJ...696.1195T 1.7341 3dhst_v4_1_5 -1.0 1.73 1.74 1
264 149.84815 2.37424 2.6961 0 2.6961 2009ApJ...696.1195T 2.7262 3dhst_v4_1_5 -1.0 -1.0 2.737 1
265 149.91067 2.55465 0.7517 0 0.7517 2009ApJ...696.1195T 0.7529 3dhst_v4_1_5 -1.0 0.87 0.744 1
266 149.87591 2.69026 2.19332 0 2.19332 2015ApJS..219...12A 2.1940293 3dhst_v4_1_5 -1.0 2.2 2.185 1
267 149.88377 2.66643 1.3464328 1 -1.0 "" 1.3464328 3dhst_v4_1_5 -1.0 1.17 0.334 1
268 149.93666 2.68023 1.4068607 1 -1.0 "" 1.4068607 3dhst_v4_1_5 -1.0 1.48 1.407 1
269 149.9254 2.68423 1.7793 0 1.7793 2012ApJS..203...21A 1.7790333 3dhst_v4_1_5 -1.0 1.77 1.778 1
270 149.78564 2.55479 1.7977 0 1.7977 2009ApJ...696.1195T 0.8445786 3dhst_v4_1_5 -1.0 1.76 0.845 1
271 149.79619 2.56411 0.7033 1 -1.0 "" 0.7033 3dhst_v4_1_5 -1.0 2.17 0.703 1
272 149.81144 2.55798 2.152 0 2.152 2018ApJ...858...77H 2.152 3dhst_v4_1_5 1.28 1.28 1.28 2
273 149.86032 2.54475 0.4311 0 0.4311 2009ApJ...696.1195T 1.596 3dhst_v4_1_5 -1.0 1.3 0.991 1
274 149.808 2.64568 2.0819 0 2.0819 2007ApJS..172...70L 2.0809 3dhst_v4_1_5 -1.0 0.0 2.098 1
275 149.84324 2.65906 3.748 0 3.748 2018ApJ...869...20B -1.0 "" 3.61 3.61 3.61 2
276 149.8371 2.65075 0.4682 0 0.4682 2009ApJ...696.1195T -1.0 "" 1.76 1.76 1.76 2
277 149.85693 2.63803 0.5163961 1 -1.0 "" 0.5163961 3dhst_v4_1_5 -1.0 0.42 0.516 1
278 149.61515 1.78957 0.76 2 -1.0 "" -1.0 "" 0.76 0.76 0.76 2
279 149.68747 1.81266 1.2138 0 1.2138 2009ApJ...696.1195T 1.2141 3dhst_v4_1_5 -1.0 1.2 1.214 1
280 149.64996 1.86587 2.9393 0 2.9393 2009ApJ...696.1195T 2.934358 3dhst_v4_1_5 -1.0 -1.0 2.927 1
281 149.67418 1.88837 1.79 2 -1.0 "" -1.0 "" 1.79 1.79 1.79 2
282 149.71561 2.01652 2.6864 0 2.6864 2007ApJS..172...70L 2.6852 3dhst_v4_1_5 -1.0 -1.0 2.684 1
283 149.74451 2.02752 2.4536 0 2.4536 2009ApJ...696.1195T 2.448023 3dhst_v4_1_5 -1.0 -1.0 2.448 1
284 149.75359 2.12563 1.9415005 1 -1.0 "" 1.9415005 3dhst_v4_1_5 -1.0 -1.0 1.948 1
285 149.70649 2.13164 1.97 0 1.97 2018ApJ...858...77H 1.97 3dhst_v4_1_5 1.54 1.54 1.54 2
286 149.66361 2.08522 1.22 0 1.22 2009ApJ...696.1195T 1.2197 3dhst_v4_1_5 -1.0 1.84 1.22 1
287 149.66802 2.13535 0.3386 0 0.3386 2009ApJ...696.1195T 0.3389 3dhst_v4_1_5 -1.0 0.25 0.339 1
288 149.73896 2.22069 1.0243 0 1.0243 2009ApJ...696.1195T 1.0234 3dhst_v4_1_5 -1.0 0.05 1.024 1
289 149.71125 2.14515 1.531 1 -1.0 "" 1.531 3dhst_v4_1_5 -1.0 0.0 1.547 1
290 149.70633 2.27795 0.73 0 0.73 2009ApJ...696.1195T 0.7307 3dhst_v4_1_5 -1.0 1.59 0.727 1
291 149.61759 2.21558 0.6753 0 0.6753 2021ApJS..256...44V 0.6755 3dhst_v4_1_5 -1.0 -1.0 0.675 1
292 149.62172 2.2619 0.5368 0 0.5368 2009ApJ...696.1195T 0.9435049 3dhst_v4_1_5 -1.0 1.99 0.944 1
293 149.6668 2.28643 1.0266 0 1.0266 2009ApJ...696.1195T 1.028 3dhst_v4_1_5 -1.0 0.96 1.028 1
294 149.72075 2.34898 1.5300136 1 -1.0 "" 1.5300136 3dhst_v4_1_5 -1.0 1.53 0.884 1
295 149.76348 2.33414 1.1302 1 -1.0 "" 1.1302 3dhst_v4_1_5 -1.0 2.19 1.134 1
296 149.77831 2.45928 1.32 0 1.32 2018ApJ...858...77H 1.32 3dhst_v4_1_5 1.33 1.33 1.33 2
297 149.69877 2.44124 1.5174 0 1.5174 2009ApJ...696.1195T 1.5160605 3dhst_v4_1_5 -1.0 1.55 1.515 1
298 149.70583 2.4198 1.1221 0 1.1221 2009ApJ...696.1195T 1.1287339 3dhst_v4_1_5 -1.0 -1.0 1.118 1
299 149.73852 2.43387 2.0928 1 -1.0 "" 2.0928 3dhst_v4_1_5 -1.0 -1.0 2.102 1
300 149.77692 2.44428 4.17 0 4.17 2009ApJ...696.1195T 0.2762015 3dhst_v4_1_5 -1.0 3.95 0.276 1
301 149.67863 2.34889 2.017 0 2.017 2018ApJ...858...77H 2.017 3dhst_v4_1_5 0.66 0.66 0.66 2
302 149.60392 2.32607 2.005 0 2.005 2018ApJ...858...77H 2.005 3dhst_v4_1_5 -1.0 -1.0 -1.0 2
303 149.62804 2.4595 1.1673 0 1.1673 2007ApJS..172...70L 1.1666 3dhst_v4_1_5 -1.0 0.92 1.167 1
304 149.61116 2.47171 0.691 0 0.691 2009ApJ...696.1195T 0.692 3dhst_v4_1_5 -1.0 -1.0 0.692 1
305 149.70361 2.5781 1.5512 0 1.5512 2009ApJ...696.1195T 1.545125 3dhst_v4_1_5 -1.0 1.54 1.541 1
306 149.69582 2.54905 1.7596 0 1.7596 2021ApJS..256...44V 1.7755 3dhst_v4_1_5 -1.0 1.79 1.776 1
307 149.72134 2.54001 1.7295 0 1.7295 2009ApJ...696.1195T 1.7483785 3dhst_v4_1_5 -1.0 1.74 1.743 1
308 149.65568 2.60081 0.733 0 0.733 2009ApJ...696.1195T 0.7342 3dhst_v4_1_5 -1.0 -1.0 0.734 1
309 149.6724 2.62453 2.084 0 2.084 2018ApJ...858...77H 2.084 3dhst_v4_1_5 1.6 1.6 1.6 2
310 149.60958 2.68958 2.059 0 2.059 2018ApJ...858...77H 2.059 3dhst_v4_1_5 1.74 1.74 1.74 2
311 149.58128 1.99235 1.3316 1 -1.0 "" 1.3316 3dhst_v4_1_5 -1.0 0.06 1.332 1
312 149.58664 2.03712 1.8493 1 -1.0 "" 1.8493 3dhst_v4_1_5 -1.0 1.86 1.849 1
313 149.57351 2.02367 2.808 0 2.808 2018A&A...613A..51P 2.808085 3dhst_v4_1_5 -1.0 2.81 2.798 1
314 149.53291 1.95887 0.565 0 0.565 2018ApJ...858...77H 0.565 3dhst_v4_1_5 3.16 3.16 3.16 2
315 149.56469 1.9779 1.6793 0 1.6793 2009ApJ...696.1195T 1.6844 3dhst_v4_1_5 -1.0 -1.0 1.684 1
316 149.55499 1.98852 1.482 0 1.482 2018ApJ...858...77H 1.482 3dhst_v4_1_5 1.15 1.15 1.15 2
317 149.56494 2.09241 -1.0 1 -1.0 "" -1.0 "" -1.0 -1.0 -1.0 2
318 149.50675 2.07472 1.2256 0 1.2256 2007ApJS..172...70L 1.2249 3dhst_v4_1_5 -1.0 0.28 1.225 1
319 149.55558 2.09339 0.7016 1 -1.0 "" 0.7016 3dhst_v4_1_5 -1.0 0.7 0.702 1
320 149.59104 2.14279 0.8408092 1 -1.0 "" 0.8408092 3dhst_v4_1_5 -1.0 1.8 0.841 1
321 149.5731 2.32739 0.7308 0 0.7308 2007ApJS..172...70L 0.7302 3dhst_v4_1_5 -1.0 -1.0 0.732 1
322 150.65598 2.2245 2.15 2 -1.0 "" -1.0 "" 2.15 2.15 2.15 2
323 150.63392 2.49045 0.7957 0 0.7957 2021ApJS..256...44V 0.7958 3dhst_v4_1_5 -1.0 0.8 0.796 1
324 150.62969 2.47639 2.23 2 -1.0 "" -1.0 "" 2.23 2.23 2.23 2
325 150.42717 2.08306 0.9626 0 0.9626 2018ApJS..239...27S 0.9626 3dhst_v4_1_5 0.79 0.79 0.79 2
326 150.42124 2.21663 0.6212 0 0.6212 2009ApJ...696.1195T 0.6143 3dhst_v4_1_5 -1.0 2.04 0.614 1
327 150.42196 2.38551 1.5142 0 1.5142 2009ApJ...696.1195T 1.5156158 3dhst_v4_1_5 0.09 0.09 0.09 2
328 150.4012 2.729 1.126 0 1.126 2018ApJ...858...77H 1.126 3dhst_v4_1_5 -1.0 1.15 1.106 1
329 150.34122 1.76125 2.93 0 2.93 2018ApJ...858...77H 2.93 3dhst_v4_1_5 2.95 2.95 2.95 2
330 150.22528 2.3512 2.472 0 2.472 2020ApJ...903...24M 2.4665 3dhst_v4_1_5 2.45 2.45 2.45 2
331 150.30006 2.70935 0.7284 0 0.7284 2009ApJ...696.1195T 2.2335 3dhst_v4_1_5 -1.0 2.24 2.234 1
332 150.17523 2.74172 0.97 2 -1.0 "" -1.0 "" 0.97 0.97 0.97 2
333 150.11261 2.00914 1.182 0 1.182 2018ApJ...858...77H 1.182 3dhst_v4_1_5 -1.0 0.8 1.143 1
334 150.12753 2.57098 1.27 2 -1.0 "" -1.0 "" 1.27 1.27 1.27 2
335 150.09496 2.6338 1.1823 0 1.1823 2021ApJS..256...44V 1.182 3dhst_v4_1_5 1.11 1.11 1.11 2
336 149.92614 1.72479 -1.0 1 -1.0 "" -1.0 "" -1.0 -1.0 -1.0 2
337 149.9317 1.83016 0.3 2 -1.0 "" -1.0 "" 0.3 0.3 0.3 2
338 149.78882 1.87531 1.12 2 -1.0 "" -1.0 "" 1.12 1.12 1.12 2
339 149.85145 2.13605 1.47 2 -1.0 "" -1.0 "" 1.47 1.47 1.47 2
340 149.96347 2.24144 2.1482952 1 -1.0 "" 2.1482952 3dhst_v4_1_5 0.75 0.75 0.75 2
341 149.78363 2.39053 -1.0 1 -1.0 "" -1.0 "" -1.0 -1.0 -1.0 2
342 149.84577 2.48161 3.363 0 3.363 2018ApJ...858...77H 3.363 3dhst_v4_1_5 -1.0 -1.0 -1.0 2
343 149.92025 2.51423 0.6984 0 0.6984 2021ApJS..256...44V 0.6971 3dhst_v4_1_5 -1.0 0.6 0.697 1
344 149.79629 2.55944 1.539 0 1.539 2009ApJ...696.1195T -1.0 "" 1.53 1.53 1.53 2
345 149.76953 1.84958 2.21 2 -1.0 "" -1.0 "" 2.21 2.21 2.21 2
346 149.73766 2.0652 0.6776 0 0.6776 2007ApJS..172...70L 0.677 c3r2_dr2 -1.0 0.68 0.68 1
347 149.71527 2.29939 1.191 1 -1.0 "" 1.191 deimos_2018 nan -1.0 nan 2
348 149.61071 2.41085 2.21 2 -1.0 "" -1.0 "" 2.21 2.21 2.21 2
349 149.73649 2.61074 1.3235 1 -1.0 "" 1.3235 deimos_2018 -1.0 -1.0 1.323 1
350 149.54546 2.31772 0.85737014 1 -1.0 "" 0.85737014 deimos_2018 -1.0 0.61 0.857 1
351 150.32723 1.9286 0.5277 0 0.5277 2009ApJ...696.1195T 0.528 fmos_dr2 -1.0 0.52 0.525 1
352 150.17785 1.88995 0.8645 0 0.8645 2009ApJ...696.1195T 0.8314423 deimos_2018 -1.0 0.92 0.831 1
353 150.26519 2.00758 0.85 1 -1.0 "" 0.85 deimos_2018 -1.0 0.75 0.275 1
354 150.26174 2.11664 1.4191 1 -1.0 "" 1.4191 fmos_dr2 -1.0 -1.0 1.996 1
355 150.31799 2.23407 0.373 0 0.373 2009ApJ...696.1195T 0.3732 fmos_dr2 -1.0 0.29 0.376 1
356 149.99286 1.85788 0.8348 0 0.8348 2021ApJS..256...44V 0.834 lega_c_dr2 -1.0 -1.0 0.835 1
357 149.9974 2.41618 0.5694 0 0.5694 2009ApJ...696.1195T 0.5691 primus_dr1 -1.0 0.68 0.574 1
358 149.89351 2.10766 0.6862 0 0.6862 2009ApJ...696.1195T 0.6859 primus_dr1 -1.0 0.66 1.509 1
359 149.52602 2.02049 0.6218 0 0.6218 2009ApJ...696.1195T 0.6228 primus_dr1 -1.0 0.69 0.623 1
360 150.78223 2.28508 3.626 0 3.626 2018ApJ...869...20B -1.0 "" 3.6 3.6 3.6 2
361 149.7791 1.92849 2.4 2 -1.0 "" -1.0 "" 2.4 2.4 2.4 2
362 150.80749 2.19807 0.81 2 -1.0 "" -1.0 "" 0.81 0.81 0.81 2
363 150.53788 2.31051 0.8379 0 0.8379 2009ApJ...696.1195T 0.8385 deimos_2018 -1.0 0.69 1.443 1
364 150.66107 2.34866 0.731 1 -1.0 "" 0.731 deimos_2018 -1.0 0.84 0.665 1
365 150.70379 2.36999 3.745 0 3.745 2009ApJ...693....8B 3.7469 deimos_2018 -1.0 -1.0 3.754 1
366 150.6837 2.67274 0.6688441 1 -1.0 "" 0.6688441 deimos_2018 -1.0 1.93 0.669 1
367 150.62002 2.62554 0.7252 0 0.7252 2009ApJ...696.1195T 1.3247 deimos_2018 -1.0 -1.0 1.325 1
368 150.49035 2.1819 2.47 2 -1.0 "" -1.0 "" 2.47 2.47 2.47 2
369 150.34772 2.39099 1.8467 1 -1.0 "" 1.8467 deimos_2018 -1.0 0.67 1.842 1
370 150.51815 2.52172 2.7785 0 2.7785 2009ApJ...696.1195T -1.0 "" 2.73 2.73 2.73 2
371 150.17657 1.75949 1.161 0 1.161 2009ApJ...696.1195T -1.0 "" 1.2 1.2 1.2 2
372 150.22761 2.11453 1.17 2 -1.0 "" -1.0 "" 1.17 1.17 1.17 2
373 150.25561 2.35353 2.18 2 -1.0 "" -1.0 "" 2.18 2.18 2.18 2
374 150.20535 2.5029 3.05 2 -1.0 "" -1.0 "" 3.05 3.05 3.05 2
375 150.30066 2.59823 0.041366275 1 -1.0 "" 0.041366275 primus_dr1 -1.0 0.41 0.041 1
376 150.23354 2.68261 1.3 2 -1.0 "" -1.0 "" 1.3 1.3 1.3 2
377 150.10789 1.86154 1.358 0 1.358 2018ApJ...858...77H 1.358 primus_dr1 0.51 0.51 0.51 2
378 150.06736 2.08433 2.95 2 -1.0 "" -1.0 "" 2.95 2.95 2.95 2
379 150.01052 2.2559 1.6586533 1 -1.0 "" 1.6586533 primus_dr1 -1.0 0.49 1.658 1
380 150.04907 2.58664 1.3177 0 1.3177 2021ApJS..256....9S -1.0 "" 1.2 1.2 1.2 2
381 149.81707 2.23604 0.32 2 -1.0 "" -1.0 "" 0.32 0.32 0.32 2
382 149.91953 2.34537 3.015 0 3.015 2018ApJ...858...77H 3.015 primus_dr1 2.95 2.95 2.95 2
383 149.88631 2.44621 1.233 0 1.233 2018ApJ...858...77H 1.233 primus_dr1 0.75 0.75 0.75 2
384 149.83977 2.53762 0.9388 0 0.9388 2009ApJ...696.1195T 1.3955 primus_dr1 1.27 1.27 1.27 2
385 149.78075 2.12406 1.27 2 -1.0 "" -1.0 "" 1.27 1.27 1.27 2
386 149.73621 2.17994 4.2511 0 4.2511 2009ApJ...696.1195T -1.0 "" 4.24 4.24 4.24 2
387 149.75092 2.46991 0.6554 0 0.6554 2009ApJ...696.1195T 0.6587 primus_dr1 -1.0 0.6 0.66 1
388 149.69657 2.60549 1.0406 0 1.0406 2009ApJ...696.1195T -1.0 "" 1.02 1.02 1.02 2
389 149.63529 2.59886 2.536 0 2.536 2018ApJ...858...77H 2.536 vvds_drfinal 2.55 2.55 2.55 2
390 150.65532 1.9956 0.979 0 0.979 2018ApJ...858...77H 0.979 zcosmos_bright_dr3 0.97 0.97 0.97 2
391 150.5404 2.57565 0.6076 0 0.6076 2009ApJ...696.1195T 0.61519283 zcosmos_bright_dr3 -1.0 0.6 0.612 1
392 150.36937 2.04131 0.63 2 -1.0 "" -1.0 "" 0.63 0.63 0.63 2
393 150.38022 2.20976 2.661 0 2.661 2018ApJ...858...77H 2.661 zcosmos_bright_dr3 2.56 2.56 2.56 2
394 150.46015 2.3586 2.45 2 -1.0 "" -1.0 "" 2.45 2.45 2.45 2
395 150.491 2.7003 1.0302 0 1.0302 2007ApJS..172...70L 1.0295 zcosmos_bright_dr3 -1.0 1.06 1.03 1
396 150.45831 2.7184 1.534 0 1.534 2018ApJ...858...77H 1.534 zcosmos_bright_dr3 -1.0 1.54 1.052 1
397 150.19974 1.82662 0.8935 0 0.8935 2009ApJ...696.1195T 0.8946 zcosmos_bright_dr3 -1.0 0.88 0.947 1
398 150.24793 2.13623 1.01 2 -1.0 "" -1.0 "" 1.01 1.01 1.01 2
399 150.31485 2.6287 2.335 0 2.335 2009ApJ...696.1195T -1.0 "" 2.5 2.5 2.5 2
400 150.224 2.55075 0.942 0 0.942 2009ApJ...696.1195T 1.0770499 zcosmos_bright_dr3 -1.0 -1.0 0.539 1
401 150.10599 2.21314 0.924894 0 0.924894 2017MNRAS.467.1965H 0.92707 zcosmos_bright_dr3 -1.0 0.89 0.926 1
402 150.09591 2.23089 1.76 0 1.76 2018ApJ...858...77H 1.76 zcosmos_bright_dr3 -1.0 0.55 1.326 1
403 150.14325 2.60621 0.731 1 -1.0 "" 0.731 zcosmos_bright_dr3 -1.0 0.7 0.731 1
404 150.02682 2.56203 0.745 0 0.745 2009ApJ...696.1195T 0.7464 zcosmos_bright_dr3 -1.0 -1.0 0.746 1
405 150.14709 2.71747 1.1776 0 1.1776 2009ApJ...696.1195T -1.0 "" -1.0 1.14 1.177 1
406 149.94497 2.07814 0.888 1 -1.0 "" 0.888 zcosmos_bright_dr3 -1.0 0.9 0.888 1
407 149.95921 2.35635 0.28585428 1 -1.0 "" 0.28585428 zcosmos_bright_dr3 -1.0 0.78 0.89 1
408 149.7372 2.0898 0.972 1 -1.0 "" 0.972 zcosmos_bright_dr3 -1.0 -1.0 1.881 1
409 149.59852 2.20032 1.1703 0 1.1703 2019ApJ...877...81M 1.1703 zcosmos_bright_dr3 -1.0 -1.0 -1.0 2
410 150.45494 1.9674 3.471 0 3.471 2018ApJ...858...77H 3.471 zcosmos_bright_dr3 3.49 3.49 3.49 2
411 150.28517 1.72733 1.29 2 -1.0 "" -1.0 "" 1.29 1.29 1.29 2
412 150.22785 1.8269 1.1565686 1 -1.0 "" 1.1565686 zcosmos_bright_dr3 -1.0 -1.0 1.157 1
413 150.34107 2.36714 1.59 0 1.59 2015ApJS..220...12S 1.6 zcosmos_bright_dr3 nan -1.0 nan 2
414 150.06922 2.23131 1.18693 1 -1.0 "" 1.18693 zcosmos_bright_dr3 -1.0 0.65 1.187 1
415 149.87899 2.11452 1.953 0 1.953 2018ApJ...858...77H 1.953 zcosmos_bright_dr3 nan -1.0 nan 2
416 149.96251 2.32043 0.277 0 0.277 2014MNRAS.443.2679B 0.933 zcosmos_bright_dr3 0.9 0.9 0.9 2
417 149.50598 2.18535 3.225 1 -1.0 "" 3.225 zcosmos_bright_dr3 nan -1.0 nan 2
418 150.71798 2.4685 3.204 0 3.204 2018ApJ...858...77H 3.204 primus_dr1 1.74 1.74 1.74 2
419 150.56039 2.03691 1.5748032 1 -1.0 "" 1.5748032 primus_dr1 1.2 1.2 1.2 2
420 150.57967 2.25236 0.886 0 0.886 2018ApJ...858...77H 0.615627 primus_dr1 -1.0 -1.0 0.616 1
421 150.68687 2.54658 1.67 0 1.67 2018ApJ...858...77H 0.43748733 primus_dr1 -1.0 -1.0 0.437 1
422 150.48319 1.91517 2.314 0 2.314 2018ApJ...858...77H -1.0 "" 2.64 2.64 2.64 2
423 149.97778 2.39769 1.456 1 -1.0 "" 1.456 primus_dr1 1.48 1.48 1.48 2
424 150.05658 2.37373 0.667 0 0.667 2016MNRAS.458.4321K 1.0782 primus_dr1 -1.0 -1.0 1.078 1
425 149.90221 2.32711 1.948 0 1.948 2018ApJ...858...77H 1.948 primus_dr1 1.99 1.99 1.99 2
426 149.73592 2.02757 2.454 0 2.454 2018ApJ...858...77H 2.454 primus_dr1 2.48 2.48 2.48 2
427 149.67471 2.27554 1.372 0 1.372 2018ApJ...858...77H 1.372 primus_dr1 1.24 1.24 1.24 2
428 149.55514 2.40264 4.044 0 4.044 2018ApJ...858...77H 4.044 primus_dr1 4.05 4.05 4.05 2
429 150.57858 2.17597 1.27 2 -1.0 "" -1.0 "" 1.27 1.27 1.27 2
430 150.52145 2.34384 2.55 2 -1.0 "" -1.0 "" 2.55 2.55 2.55 2
431 150.19265 2.21984 3.079 1 -1.0 "" 3.079 primus_dr1 nan -1.0 nan 2
432 150.08439 2.29048 1.04316 1 -1.0 "" 1.04316 primus_dr1 -1.0 1.63 1.043 1
433 150.02262 2.14011 0.98025465 1 -1.0 "" 0.98025465 zcosmos_bright_dr3 nan -1.0 nan 2
434 149.9575 2.68757 nan 2 -1.0 "" -1.0 "" nan -1.0 nan 2
435 149.85473 2.60694 1.63 2 -1.0 "" -1.0 "" 1.63 1.63 1.63 2
436 149.62421 2.18066 1.1856 0 1.1856 2009ApJ...696.1195T 1.187137 zcosmos_bright_dr3 -1.0 1.2 1.186 1
437 150.70922 2.14744 0.3256 0 0.3256 2009ApJ...696.1195T 0.326 zcosmos_bright_dr3 -1.0 0.28 0.326 1
438 150.60366 2.68653 1.7574 1 -1.0 "" 1.7574 zcosmos_bright_dr3 -1.0 0.8 1.757 1
439 150.06994 2.10161 0.87 2 -1.0 "" -1.0 "" 0.87 0.87 0.87 2
440 150.03516 2.04648 0.37036 0 0.37036 2018ApJS..234...21D -1.0 "" 0.26 0.26 0.26 2
441 150.11043 2.70826 0.35025 0 0.35025 2018ApJS..234...21D 0.3506149 zcosmos_bright_dr3 -1.0 -1.0 0.35 1
442 150.69662 1.98579 0.25 2 -1.0 "" -1.0 "" 0.25 0.25 0.25 2
443 150.63842 2.57845 1.0258 1 -1.0 "" 1.0258 zcosmos_bright_dr3 -1.0 0.9 1.026 1
444 150.59186 2.61939 3.11 2 -1.0 "" -1.0 "" 3.11 3.11 3.11 2
445 150.46898 2.33174 0.246 0 0.246 2018ApJ...858...77H 0.246 zcosmos_bright_dr3 -1.0 -1.0 0.337 1
446 150.49614 2.3275 2.15 2 -1.0 "" -1.0 "" 2.15 2.15 2.15 2
447 150.4917 2.41748 0.4204357 1 -1.0 "" 0.4204357 zcosmos_bright_dr3 -1.0 0.79 0.42 1
448 150.39154 2.59115 -1.0 1 -1.0 "" -1.0 "" -1.0 -1.0 -1.0 2
449 150.27347 2.34254 1.69 2 -1.0 "" -1.0 "" 1.69 1.69 1.69 2
450 150.33926 2.6281 1.27 2 -1.0 "" -1.0 "" 1.27 1.27 1.27 2
451 150.02445 2.27321 2.88 2 -1.0 "" -1.0 "" 2.88 2.88 2.88 2
452 150.13039 2.46597 3.865 0 3.865 2018ApJ...858...77H 3.865 zcosmos_bright_dr3 3.45 3.45 3.45 2
453 150.01662 2.44895 1.65 2 -1.0 "" -1.0 "" 1.65 1.65 1.65 2
454 150.00737 2.67111 1.3992345 1 -1.0 "" 1.3992345 zcosmos_bright_dr3 -1.0 2.57 1.399 1
455 150.14082 2.73189 1.28 2 -1.0 "" -1.0 "" 1.28 1.28 1.28 2
456 149.84361 1.73313 2.51 2 -1.0 "" -1.0 "" 2.51 2.51 2.51 2
457 149.85395 1.75368 3.39 2 -1.0 "" -1.0 "" 3.39 3.39 3.39 2
458 149.95062 2.35457 0.9393 0 0.9393 2014MNRAS.443.2679B 0.96061426 zcosmos_bright_dr3 -1.0 1.04 0.48 1
459 149.63865 2.289 1.95 2 -1.0 "" -1.0 "" 1.95 1.95 1.95 2
460 149.68263 2.43826 0.3285 0 0.3285 2012ApJ...753..121K 0.3278 zcosmos_bright_dr3 -1.0 0.22 0.328 1
461 149.54147 2.29958 0.43130392 1 -1.0 "" 0.43130392 3dhst_v4_1_5 -1.0 0.09 0.431 1
462 150.49197 2.38669 1.0992048 1 -1.0 "" 1.0992048 3dhst_v4_1_5 -1.0 -1.0 0.55 1
463 149.90549 2.35398 3.35 2 -1.0 "" -1.0 "" 3.35 3.35 3.35 2
464 149.68291 2.14387 1.34 2 -1.0 "" -1.0 "" 1.34 1.34 1.34 2
465 150.71432 2.06321 -1.0 1 -1.0 "" -1.0 "" -1.0 -1.0 -1.0 2
466 150.28029 2.35167 0.677 0 0.677 2021ApJS..256...44V 0.67828023 3dhst_v4_1_5 -1.0 -1.0 0.678 1
467 150.7088 2.66565 0.21 2 -1.0 "" -1.0 "" 0.21 0.21 0.21 2
468 150.45593 1.71645 2.19 2 -1.0 "" -1.0 "" 2.19 2.19 2.19 2
469 150.38343 1.85426 0.71563935 1 -1.0 "" 0.71563935 3dhst_v4_1_5 -1.0 1.89 0.716 1
470 150.4046 2.78052 0.598566 1 -1.0 "" 0.598566 3dhst_v4_1_5 -1.0 0.6 0.599 1
471 150.32195 2.27449 0.3512 1 -1.0 "" 0.3512 3dhst_v4_1_5 -1.0 1.0 0.974 1
472 150.06852 2.40944 1.565 0 1.565 2018ApJ...858...77H 1.565 3dhst_v4_1_5 -1.0 -1.0 -1.0 2
473 150.10284 2.63016 0.5376 1 -1.0 "" 0.5376 3dhst_v4_1_5 -1.0 -1.0 0.538 1
474 149.9708 2.74958 2.21 2 -1.0 "" -1.0 "" 2.21 2.21 2.21 2
475 149.6533 2.14465 0.27166745 1 -1.0 "" 0.27166745 3dhst_v4_1_5 -1.0 -1.0 0.272 1
476 150.46775 1.71527 2.22 2 -1.0 "" -1.0 "" 2.22 2.22 2.22 2
477 150.40234 2.14531 0.4748 0 0.4748 2007ApJS..172...70L 0.4743 3dhst_v4_1_5 -1.0 0.47 0.478 1
478 150.19225 2.54455 1.2309 1 -1.0 "" 1.2309 3dhst_v4_1_5 1.17 1.17 1.17 2
479 150.07346 1.97913 2.89 2 -1.0 "" -1.0 "" 2.89 2.89 2.89 2
480 150.06734 2.48515 1.3604 1 -1.0 "" 1.3604 3dhst_v4_1_5 0.97 0.97 0.97 2
481 150.022 2.79111 0.8227 0 0.8227 2021ApJS..256...44V 0.822619 3dhst_v4_1_5 0.8 0.8 0.8 2
482 149.91036 2.69558 0.8942 0 0.8942 2021ApJS..256...44V 0.89377 3dhst_v4_1_5 0.86 0.86 0.86 2
483 150.55083 2.68288 3.5 2 -1.0 "" -1.0 "" 3.5 3.5 3.5 2
484 150.32241 2.04128 2.75 2 -1.0 "" -1.0 "" 2.75 2.75 2.75 2
485 150.09361 2.23721 1.4373 0 1.4373 2007ApJS..172...70L 1.43026 3dhst_v4_1_5 -1.0 1.44 1.175 1
486 149.69403 2.33439 0.47 2 -1.0 "" -1.0 "" 0.47 0.47 0.47 2
487 149.58882 2.49681 nan 2 -1.0 "" -1.0 "" nan -1.0 nan 2
488 150.28975 2.75321 1.69 2 -1.0 "" -1.0 "" 1.69 1.69 1.69 2
489 150.24965 1.95294 1.1727 1 -1.0 "" 1.1727 3dhst_v4_1_5 -1.0 -1.0 1.107 1
490 150.16971 2.78131 0.7251 0 0.7251 2021ApJS..256...44V 0.724888 3dhst_v4_1_5 0.54 0.54 0.54 2
491 150.03524 2.72781 0.5093386 1 -1.0 "" 0.5093386 3dhst_v4_1_5 -1.0 0.52 0.509 1
